9501.376920242914
9340.258573934016
10179.817365806171
8828.99202753626
9562.085250037124
9045.412039165622
9076.565174720137
9160.98513403204
8976.75332901279
9404.51281182799
8969.34476000041
9697.65405655905
9102.76821991374
9553.87469125684
8848.857344832464
9197.29839158317
8822.081010075519
8866.25711848171
8855.826357006099
8947.822983308824
8978.37932497324
8840.78765033042
8944.54190109379
8927.75707755064
8926.008449899688
8925.704223317645
8930.068742356936
8878.67725528534
8980.96058114597
8910.605838606354
8932.03758339939
8930.576007247191
9030.920584821875
9120.915015433491
9202.530083542017
9177.095434322975
8945.173322602366
9141.964356492086
8888.32331390143
8809.271797689627
8877.0949470537
8794.77275302885
8847.10785418375
8841.943469420197
8832.964867038987
8764.636325073676
8774.114129012849
8801.841462953924
8811.21054200936
8826.954788300569
8700.17101622073
9709.212399581475
9122.793903659034
9836.20336693769
8862.447462282027
9007.872289440795
8925.114477088795
9157.55682488083
9919.707520714199
9993.119287987789
